1
000000000000000000000000000000000000000000000000000000000000000
0                                                             0
0      00       00           00                               0
0      00      00             00                              0
0      00     00               00                             0
0      00                                                     0
0                                                             0
0                    000000000000         000000000000        0
0                                                             0
0                                                             0
0                                                             0
0   00000000          0000000       00000000                  0
0                                                             0
0                                                             0
0                                                             0
0                                                             0
0         2  2    2 2 2  2   2   2 2 2   2   2      2         0
0         2 2    2     2 22  2  2     2  2   2     2 2        0
0         22     2     2 2 2 2  2     2  22222    2   2       0
0         2 2     2   2  2  22   2   2   2   2   2 2 2 2      0
0         2  2     22    2   2    22     2   2  2       2     0
0                                                             0
0                 3333   3333  3333  3333   3333              0
0                 311111111111111111111111111113              0
0                 311111111111111111111111111113              0
0                 311111111111111111111111111113              0
0                 311111111111111111111111111113              0
0                 311111111111111111111111111113              0
0                  1111111111111111111111111111               0
0                  1111111111111111111p11111111               0
0                 311111111111111111111111111113              0
0                 31111111111111b111111111111113              0
000000000000000000000000000000000000000000000000000000000000000